5x5 DoG Kernel – X direction:
[[ 0.08826 ,  0.064209, -0.      , -0.064209, -0.08826 ],
 [ 0.128418,  0.093423, -0.      , -0.093423, -0.128418],
 [ 0.145516,  0.105863, -0.      , -0.105863, -0.145516],
 [ 0.128418,  0.093423, -0.      , -0.093423, -0.128418],
 [ 0.08826 ,  0.064209, -0.      , -0.064209, -0.08826 ]]

5x5 DoG Kernel – Y direction:
[[ 0.08826 ,  0.128418,  0.145516,  0.128418,  0.08826 ],
 [ 0.064209,  0.093423,  0.105863,  0.093423,  0.064209],
 [-0.      , -0.      , -0.      , -0.      , -0.      ],
 [-0.064209, -0.093423, -0.105863, -0.093423, -0.064209],
 [-0.08826 , -0.128418, -0.145516, -0.128418, -0.08826 ]]